,,etCO2,FiO2,etN2O,xMAC,Pmean,PIP,Pplat,PEEP,MV,MVmand,MVspon,VT,RR,RRmand,RRspon,R,Cdyn mean,etDes,etSev,etIso,etEnf,etHal,inDes,inSev,inIso,inEnf,inHal
,,mmHg,%,%,,mbar,mbar,mbar,mbar,L/min,L/min,L/min,mL,/min,/min,/min,mbar/L/s,mL/mbar,%,%,%,%,%,%,%,%,%,%
30-May-2024,7:46:47,,,,,0,0,,0,0.00,0.00,0.00,0,0,0,0,,,,,,,,,,,,
30-May-2024,7:47:02,0,92,0,0.0,0,14,,2,0.03,0.03,0.00,0,0,0,0,,,0.0,0.00,0.00,0.00,0.00,0.0,0.00,0.00,0.00,0.00
30-May-2024,7:47:17,0,92,0,0.0,0,14,,2,0.03,0.03,0.00,0,0,0,0,,,0.0,0.00,0.00,0.00,0.00,0.0,0.00,0.00,0.00,0.00
30-May-2024,7:47:32,0,92,0,0.0,0,14,,2,,,,,0,0,1,,,0.0,0.00,0.00,0.00,0.00,0.0,0.00,0.00,0.00,0.00
30-May-2024,7:47:47,0,92,0,0.0,1,,,,,,,,1,,,,,0.0,0.00,0.00,0.00,0.00,0.0,0.00,0.00,0.00,0.00
30-May-2024,7:48:02,0,92,0,0.0,1,,,,,,,,0,,,,,0.0,0.00,0.00,0.00,0.00,0.0,0.00,0.00,0.00,0.00
30-May-2024,7:48:17,0,93,0,0.0,1,,,,,,,,0,,,,,0.0,0.00,0.00,0.00,0.00,0.0,0.00,0.00,0.00,0.00
30-May-2024,7:48:32,0,93,0,0.0,1,,,,,,,,0,,,,,0.0,0.00,0.00,0.00,0.00,0.0,0.00,0.00,0.00,0.00
30-May-2024,7:48:47,0,93,0,0.0,1,,,,,,,,0,,,,,0.0,0.00,0.00,0.00,0.00,0.0,0.00,0.00,0.00,0.00
30-May-2024,7:49:02,0,93,0,0.0,1,,,,,,,,0,,,,,0.0,0.00,0.00,0.00,0.00,0.0,0.00,0.00,0.00,0.00
30-May-2024,7:49:17,0,93,0,0.0,1,,,,,,,,0,,,,,0.0,0.00,0.00,0.00,0.00,0.0,0.00,0.00,0.00,0.00
30-May-2024,7:49:32,0,93,0,0.0,1,,,,,,,,0,,,,,0.0,0.00,0.00,0.00,0.00,0.0,0.00,0.00,0.00,0.00
30-May-2024,7:49:47,0,93,0,0.0,1,,,,,,,,0,,,,,0.0,0.00,0.00,0.00,0.00,0.0,0.00,0.00,0.00,0.00
30-May-2024,7:50:02,0,93,0,0.0,1,,,,,,,,0,,,,,0.0,0.00,0.00,0.00,0.00,0.0,0.00,0.00,0.00,0.00
30-May-2024,7:50:17,0,93,0,0.0,1,,,,,,,,0,,,,,0.0,0.00,0.00,0.00,0.00,0.0,0.00,0.00,0.00,0.00
30-May-2024,7:50:32,0,93,0,0.0,1,,,,,,,,0,,,,,0.0,0.00,0.00,0.00,0.00,0.0,0.00,0.00,0.00,0.00
30-May-2024,7:50:47,0,93,0,0.0,1,,,,,,,,0,,,,,0.0,0.00,0.00,0.00,0.00,0.0,0.00,0.00,0.00,0.00
30-May-2024,7:51:02,0,93,0,0.0,1,,,,,,,,0,,,,,0.0,0.00,0.00,0.00,0.00,0.0,0.00,0.00,0.00,0.00
30-May-2024,7:51:17,0,93,0,0.0,1,,,,,,,,0,,,,,0.0,0.00,0.00,0.00,0.00,0.0,0.00,0.00,0.00,0.00
30-May-2024,7:51:32,0,93,0,0.0,1,2,,3,,,,,0,0,0,,,0.0,0.00,0.00,0.00,0.00,0.0,0.00,0.00,0.00,0.00
30-May-2024,7:51:47,0,93,0,0.0,1,25,,5,0.03,0.03,0.00,131,0,0,0,,,0.0,0.00,0.00,0.00,0.00,0.0,0.00,0.00,0.00,0.00
30-May-2024,7:52:02,8,93,0,0.0,5,23,,1,1.4,0.19,1.2,70,7,0,10,,,0.0,0.00,0.00,0.00,0.00,0.0,0.00,0.00,0.00,0.00
30-May-2024,7:52:17,18,93,0,0.0,6,24,,6,1.4,0.27,1.1,364,11,0,12,,,0.0,0.00,0.00,0.00,0.00,0.0,0.00,0.00,0.00,0.00
30-May-2024,7:52:32,7,93,0,0.0,7,21,,8,3.8,0.28,3.5,50,13,0,13,,,0.0,0.00,0.00,0.00,0.00,0.0,0.00,0.00,0.00,0.00
30-May-2024,7:52:47,19,93,0,0.0,8,19,,4,5.5,0.25,5.3,330,14,0,14,,,0.0,0.00,0.00,0.00,0.00,0.0,0.00,0.00,0.00,0.00
30-May-2024,7:53:02,17,93,0,0.0,7,19,,3,4.9,0.08,4.8,219,14,0,13,,,0.0,0.00,0.00,0.00,0.00,0.0,0.00,0.00,0.00,0.00
30-May-2024,7:53:17,18,93,0,0.0,6,21,,1,3.3,0.00,3.3,143,11,0,11,,,0.0,0.00,0.00,0.00,0.00,0.0,0.00,0.00,0.00,0.00
30-May-2024,7:53:32,9,93,0,0.0,6,22,,1,2.7,0.00,2.7,176,11,0,10,,,0.0,0.00,0.00,0.00,0.00,0.0,0.00,0.00,0.00,0.00
30-May-2024,7:53:47,13,93,0,0.0,6,23,,0,2.7,0.00,2.7,174,11,0,12,,,0.0,0.00,0.00,0.00,0.00,0.0,0.00,0.00,0.00,0.00
30-May-2024,7:54:02,13,93,0,0.0,5,22,,0,1.9,0.00,1.9,5,15,0,16,,,0.0,0.00,0.00,0.00,0.00,0.0,0.00,0.00,0.00,0.00
30-May-2024,7:54:17,13,93,0,0.0,4,24,,0,0.74,0.00,0.74,179,14,0,13,,,0.0,0.00,0.00,0.00,0.00,0.0,0.00,0.00,0.00,0.00
30-May-2024,7:54:32,5,93,0,0.0,4,8,,2,0.82,0.00,0.82,0,12,0,12,,,0.0,0.00,0.00,0.00,0.00,0.0,0.00,0.00,0.00,0.00
30-May-2024,7:54:47,5,93,0,0.0,5,4,,2,1.1,0.00,1.1,0,12,0,12,,,0.0,0.00,0.00,0.00,0.00,0.0,0.00,0.00,0.00,0.00
30-May-2024,7:55:02,5,93,0,0.0,4,23,,0,0.43,0.00,0.43,0,15,0,18,,,0.0,0.00,0.00,0.00,0.00,0.0,0.00,0.00,0.00,0.00
30-May-2024,7:55:17,5,93,0,0.0,3,23,,0,,,,,19,0,15,,,0.0,0.00,0.00,0.00,0.00,0.0,0.00,0.00,0.00,0.00
30-May-2024,7:55:32,0,93,0,0.0,3,,,,,,,,,,,,,0.0,0.00,0.00,0.00,0.00,0.0,0.00,0.00,0.00,0.00
30-May-2024,7:55:47,1,93,0,0.0,3,23,,7,0.00,0.00,0.00,416,0,0,0,,,0.0,0.00,0.00,0.00,0.00,0.0,0.00,0.00,0.00,0.00
30-May-2024,7:56:02,32,93,0,0.0,6,24,,4,3.1,0.00,3.1,653,19,0,12,,,0.0,0.00,0.00,0.00,0.00,0.0,0.00,0.00,0.00,0.00
30-May-2024,7:56:17,36,93,0,0.0,8,15,15,3,11.2,0.01,11.2,677,18,0,19,,,0.0,0.00,0.00,0.00,0.00,0.0,0.00,0.00,0.00,0.00
30-May-2024,7:56:32,32,93,0,0.4,7,18,18,6,10.6,6.1,4.5,850,18,8,8,,,0.0,0.74,0.00,0.00,0.00,0.0,0.34,0.00,0.00,0.00
30-May-2024,7:56:47,35,92,0,0.3,9,18,17,6,9.4,9.4,0.06,753,13,12,0,11,113.1,0.0,0.47,0.00,0.00,0.00,0.0,0.28,0.00,0.00,0.00
30-May-2024,7:57:02,35,92,0,0.2,10,18,17,6,9.1,9.2,0.00,745,12,12,0,11,113.6,0.0,0.45,0.00,0.00,0.00,0.0,0.56,0.00,0.00,0.00
30-May-2024,7:57:17,34,91,0,0.3,10,18,17,6,8.9,8.9,0.02,739,12,12,0,11,112.0,0.0,0.55,0.00,0.00,0.00,0.0,0.93,0.00,0.00,0.00
30-May-2024,7:57:32,35,90,0,0.3,10,16,15,6,8.9,8.9,0.00,683,12,12,0,11,111.1,0.0,0.58,0.00,0.00,0.00,0.0,1.53,0.00,0.00,0.00
30-May-2024,7:57:47,35,89,0,0.3,10,15,15,6,8.2,8.2,0.00,637,12,12,0,11,109.2,0.0,0.62,0.00,0.00,0.00,0.0,1.76,0.00,0.00,0.00
30-May-2024,7:58:02,34,88,0,0.4,9,16,15,6,7.7,7.7,0.00,630,12,12,0,11,111.0,0.0,0.67,0.00,0.00,0.00,0.0,1.66,0.00,0.00,0.00
30-May-2024,7:58:17,33,88,0,0.3,9,16,15,6,7.6,7.6,0.00,626,12,12,0,11,113.1,0.0,0.61,0.00,0.00,0.00,0.0,1.21,0.00,0.00,0.00
30-May-2024,7:58:32,33,88,0,0.3,9,16,15,6,7.6,7.6,0.00,640,12,12,0,11,106.5,0.0,0.63,0.00,0.00,0.00,0.0,1.21,0.00,0.00,0.00
30-May-2024,7:58:47,32,87,0,0.4,9,16,15,6,7.7,7.7,0.00,634,12,12,0,11,104.5,0.0,0.71,0.00,0.00,0.00,0.0,1.36,0.00,0.00,0.00
30-May-2024,7:59:02,32,87,0,0.4,9,16,15,6,7.7,7.7,0.00,649,12,12,0,11,106.1,0.0,0.76,0.00,0.00,0.00,0.0,1.48,0.00,0.00,0.00
30-May-2024,7:59:17,31,87,0,0.4,9,16,15,6,7.8,7.8,0.00,653,12,12,0,10,109.7,0.0,0.82,0.00,0.00,0.00,0.0,1.50,0.00,0.00,0.00
30-May-2024,7:59:32,31,86,0,0.5,9,15,13,6,7.9,7.9,0.00,655,12,12,0,10,109.9,0.0,0.89,0.00,0.00,0.00,0.0,1.59,0.00,0.00,0.00
30-May-2024,7:59:47,32,86,0,0.5,9,14,13,6,7.5,7.5,0.00,558,12,12,0,10,109.9,0.0,0.93,0.00,0.00,0.00,0.0,2.21,0.00,0.00,0.00
30-May-2024,8:00:02,33,85,0,0.5,9,14,13,6,6.4,6.4,0.00,533,12,11,0,10,104.6,0.0,0.94,0.00,0.00,0.00,0.0,2.36,0.00,0.00,0.00
30-May-2024,8:00:17,33,84,0,0.6,9,14,13,6,6.0,6.0,0.00,551,11,11,0,10,107.0,0.0,1.02,0.00,0.00,0.00,0.0,2.35,0.00,0.00,0.00
30-May-2024,8:00:32,33,84,0,0.6,9,14,13,6,6.0,6.0,0.00,542,11,11,0,10,108.8,0.0,1.06,0.00,0.00,0.00,0.0,2.37,0.00,0.00,0.00
30-May-2024,8:00:47,33,84,0,0.6,9,14,13,6,6.0,6.0,0.00,547,11,11,0,10,108.4,0.0,1.12,0.00,0.00,0.00,0.0,2.45,0.00,0.00,0.00
30-May-2024,8:01:02,34,83,0,0.6,9,14,13,6,6.0,6.0,0.00,543,11,11,0,10,107.1,0.0,1.12,0.00,0.00,0.00,0.0,2.63,0.00,0.00,0.00
30-May-2024,8:01:17,35,83,0,0.6,9,14,13,6,6.0,6.0,0.00,541,11,11,0,10,109.6,0.0,1.18,0.00,0.00,0.00,0.0,2.58,0.00,0.00,0.00
30-May-2024,8:01:32,34,82,0,0.7,9,14,13,6,6.0,6.0,0.00,540,11,11,0,10,106.2,0.0,1.23,0.00,0.00,0.00,0.0,2.67,0.00,0.00,0.00
30-May-2024,8:01:47,34,82,0,0.7,9,14,13,6,6.0,6.0,0.00,550,11,11,0,10,105.7,0.0,1.28,0.00,0.00,0.00,0.0,2.61,0.00,0.00,0.00
30-May-2024,8:02:02,33,82,0,0.7,9,14,13,6,6.1,6.1,0.00,549,11,11,0,10,106.0,0.0,1.32,0.00,0.00,0.00,0.0,2.49,0.00,0.00,0.00
30-May-2024,8:02:17,33,81,0,0.7,9,14,13,6,6.1,6.1,0.00,549,11,11,0,10,103.1,0.0,1.33,0.00,0.00,0.00,0.0,2.29,0.00,0.00,0.00
30-May-2024,8:02:32,34,81,0,0.7,9,14,13,6,6.1,6.1,0.00,547,11,11,0,10,102.8,0.0,1.31,0.00,0.00,0.00,0.0,2.23,0.00,0.00,0.00
30-May-2024,8:02:47,34,81,0,0.7,9,14,13,6,6.1,6.1,0.00,549,11,11,0,10,102.8,0.0,1.36,0.00,0.00,0.00,0.0,2.19,0.00,0.00,0.00
30-May-2024,8:03:02,34,81,0,0.7,9,14,13,6,6.0,6.0,0.00,540,11,11,0,10,104.6,0.0,1.36,0.00,0.00,0.00,0.0,2.12,0.00,0.00,0.00
30-May-2024,8:03:17,38,80,0,0.7,9,14,13,6,6.1,6.1,0.00,562,11,11,0,10,105.2,0.0,1.29,0.00,0.00,0.00,0.0,1.91,0.00,0.00,0.00
30-May-2024,8:03:32,37,80,0,0.7,9,14,13,6,6.2,6.2,0.00,543,11,11,0,10,93.7,0.0,1.29,0.00,0.00,0.00,0.0,2.02,0.00,0.00,0.00
30-May-2024,8:03:47,36,80,0,0.7,9,14,13,6,6.0,6.0,0.00,527,11,11,0,10,94.5,0.0,1.31,0.00,0.00,0.00,0.0,2.08,0.00,0.00,0.00
30-May-2024,8:04:02,36,79,0,0.7,9,14,13,6,5.8,5.8,0.00,514,11,11,0,10,103.2,0.0,1.36,0.00,0.00,0.00,0.0,2.19,0.00,0.00,0.00
30-May-2024,8:04:17,36,79,0,0.8,9,14,13,6,5.6,5.6,0.00,493,11,11,0,11,103.9,0.0,1.38,0.00,0.00,0.00,0.0,2.26,0.00,0.00,0.00
30-May-2024,8:04:32,36,79,0,0.8,9,14,13,6,5.5,5.5,0.00,475,11,11,0,11,102.4,0.0,1.40,0.00,0.00,0.00,0.0,2.20,0.00,0.00,0.00
30-May-2024,8:04:47,36,79,0,0.8,9,14,13,6,5.3,5.3,0.00,474,11,11,0,11,96.1,0.0,1.39,0.00,0.00,0.00,0.0,2.24,0.00,0.00,0.00
30-May-2024,8:05:02,37,78,0,0.8,9,14,13,6,5.3,5.3,0.00,503,16,11,0,11,100.5,0.0,1.41,0.00,0.00,0.00,0.0,2.11,0.00,0.00,0.00
30-May-2024,8:05:17,38,78,0,0.8,9,14,13,6,5.5,5.5,0.00,488,11,11,0,11,103.6,0.0,1.38,0.00,0.00,0.00,0.0,2.09,0.00,0.00,0.00
30-May-2024,8:05:32,39,78,0,0.7,9,14,13,6,5.5,5.5,0.00,484,11,11,0,11,103.6,0.0,1.35,0.00,0.00,0.00,0.0,2.05,0.00,0.00,0.00
30-May-2024,8:05:47,38,78,0,0.7,9,14,13,6,5.4,5.4,0.00,359,11,11,0,11,102.8,0.0,1.34,0.00,0.00,0.00,0.0,2.00,0.00,0.00,0.00
30-May-2024,8:06:02,40,77,0,0.7,9,14,13,6,4.8,4.8,0.02,378,13,11,4,11,100.8,0.0,1.31,0.00,0.00,0.00,0.0,1.91,0.00,0.00,0.00
30-May-2024,8:06:17,41,79,0,0.7,9,14,13,6,4.1,4.1,0.02,440,16,11,4,12,137.3,0.0,1.27,0.00,0.00,0.00,0.0,2.02,0.00,0.00,0.00
30-May-2024,8:06:32,40,77,0,0.7,9,14,13,6,4.7,4.6,0.00,446,12,11,0,12,110.5,0.0,1.30,0.00,0.00,0.00,0.0,1.98,0.00,0.00,0.00
30-May-2024,8:06:47,39,76,0,0.7,9,14,13,6,5.2,5.2,0.00,489,11,11,0,11,90.3,0.0,1.32,0.00,0.00,0.00,0.0,1.84,0.00,0.00,0.00
30-May-2024,8:07:02,41,76,0,0.7,9,14,13,6,5.8,5.8,0.00,535,11,11,0,11,99.7,0.0,1.25,0.00,0.00,0.00,0.0,1.89,0.00,0.00,0.00
30-May-2024,8:07:17,40,76,0,0.7,9,14,13,6,6.0,6.0,0.00,574,11,11,0,11,102.6,0.0,1.25,0.00,0.00,0.00,0.0,1.95,0.00,0.00,0.00
30-May-2024,8:07:32,39,75,0,0.7,9,14,13,6,6.2,6.2,0.00,549,11,11,0,10,90.8,0.0,1.28,0.00,0.00,0.00,0.0,1.95,0.00,0.00,0.00
30-May-2024,8:07:47,39,75,0,0.7,9,14,13,6,6.1,6.1,0.00,546,11,11,0,10,90.4,0.0,1.28,0.00,0.00,0.00,0.0,1.95,0.00,0.00,0.00
30-May-2024,8:08:02,38,75,0,0.7,9,14,13,6,5.8,5.8,0.00,482,11,11,0,10,100.4,0.0,1.30,0.00,0.00,0.00,0.0,1.96,0.00,0.00,0.00
30-May-2024,8:08:17,38,74,0,0.7,9,14,13,6,5.5,5.5,0.00,496,11,11,0,10,107.0,0.0,1.28,0.00,0.00,0.00,0.0,1.99,0.00,0.00,0.00
30-May-2024,8:08:32,39,74,0,0.7,9,14,13,6,5.5,5.5,0.00,508,11,11,0,10,95.0,0.0,1.30,0.00,0.00,0.00,0.0,1.97,0.00,0.00,0.00
30-May-2024,8:08:47,38,74,0,0.7,9,14,13,6,5.6,5.6,0.00,487,11,11,0,9,87.1,0.0,1.29,0.00,0.00,0.00,0.0,1.84,0.00,0.00,0.00
30-May-2024,8:09:02,38,74,0,0.7,9,14,13,6,5.4,5.4,0.00,486,11,11,0,10,89.0,0.0,1.29,0.00,0.00,0.00,0.0,1.95,0.00,0.00,0.00
30-May-2024,8:09:17,39,73,0,0.7,9,14,13,6,5.3,5.3,0.00,461,11,11,0,10,94.1,0.0,1.26,0.00,0.00,0.00,0.0,1.98,0.00,0.00,0.00
30-May-2024,8:09:32,40,73,0,0.7,9,14,13,6,5.1,5.1,0.00,461,11,11,0,10,96.1,0.0,1.27,0.00,0.00,0.00,0.0,2.02,0.00,0.00,0.00
30-May-2024,8:09:47,40,73,0,0.7,9,14,13,6,5.1,5.1,0.00,463,11,11,0,10,85.6,0.0,1.26,0.00,0.00,0.00,0.0,1.98,0.00,0.00,0.00
30-May-2024,8:10:02,39,73,0,0.7,9,14,13,6,5.2,5.2,0.00,475,11,11,0,10,82.3,0.0,1.29,0.00,0.00,0.00,0.0,1.99,0.00,0.00,0.00
30-May-2024,8:10:17,40,72,0,0.7,9,14,13,6,5.2,5.2,0.00,471,11,11,0,10,82.2,0.0,1.27,0.00,0.00,0.00,0.0,2.02,0.00,0.00,0.00
30-May-2024,8:10:32,40,72,0,0.7,9,14,13,6,5.2,5.2,0.00,463,11,11,0,10,82.4,0.0,1.27,0.00,0.00,0.00,0.0,1.98,0.00,0.00,0.00
30-May-2024,8:10:47,40,72,0,0.7,9,14,13,6,5.1,5.1,0.00,457,11,11,0,10,78.3,0.0,1.28,0.00,0.00,0.00,0.0,1.95,0.00,0.00,0.00
30-May-2024,8:11:02,40,72,0,0.7,9,14,13,6,5.1,5.1,0.00,470,11,11,0,10,77.5,0.0,1.29,0.00,0.00,0.00,0.0,2.00,0.00,0.00,0.00
30-May-2024,8:11:17,40,71,0,0.7,9,14,13,6,5.2,5.2,0.00,471,11,11,0,10,80.0,0.0,1.28,0.00,0.00,0.00,0.0,1.98,0.00,0.00,0.00
30-May-2024,8:11:32,40,71,0,0.7,9,14,13,6,5.2,5.2,0.00,468,11,11,0,10,80.9,0.0,1.30,0.00,0.00,0.00,0.0,2.00,0.00,0.00,0.00
30-May-2024,8:11:47,41,71,0,0.7,9,14,13,6,5.2,5.2,0.00,471,11,11,0,10,78.7,0.0,1.28,0.00,0.00,0.00,0.0,2.00,0.00,0.00,0.00
30-May-2024,8:12:02,41,71,0,0.7,9,14,13,6,5.2,5.2,0.00,465,11,11,0,10,77.4,0.0,1.30,0.00,0.00,0.00,0.0,2.05,0.00,0.00,0.00
30-May-2024,8:12:17,41,70,0,0.7,9,14,13,6,5.1,5.1,0.00,461,11,11,0,9,77.5,0.0,1.30,0.00,0.00,0.00,0.0,2.08,0.00,0.00,0.00
30-May-2024,8:12:32,40,70,0,0.7,9,14,13,6,5.1,5.1,0.00,474,11,11,0,9,77.2,0.0,1.32,0.00,0.00,0.00,0.0,2.19,0.00,0.00,0.00
30-May-2024,8:12:47,41,70,0,0.7,9,14,13,6,5.2,5.2,0.00,452,11,11,0,9,79.1,0.0,1.34,0.00,0.00,0.00,0.0,2.31,0.00,0.00,0.00
30-May-2024,8:13:02,40,70,0,0.7,9,14,13,6,5.1,5.1,0.00,465,11,11,0,9,80.2,0.0,1.34,0.00,0.00,0.00,0.0,2.37,0.00,0.00,0.00
30-May-2024,8:13:17,41,70,0,0.8,9,14,13,6,5.1,5.1,0.00,460,11,11,0,9,77.3,0.0,1.37,0.00,0.00,0.00,0.0,2.38,0.00,0.00,0.00
30-May-2024,8:13:32,41,69,0,0.8,9,16,15,6,5.1,5.1,0.00,590,11,11,0,9,74.6,0.0,1.37,0.00,0.00,0.00,0.0,1.99,0.00,0.00,0.00
30-May-2024,8:13:47,40,69,0,0.8,9,16,15,6,5.7,5.7,0.00,597,11,11,0,9,77.5,0.0,1.38,0.00,0.00,0.00,0.0,2.04,0.00,0.00,0.00
30-May-2024,8:14:02,38,69,0,0.8,9,16,15,6,6.5,6.5,0.00,612,11,11,0,10,78.1,0.0,1.41,0.00,0.00,0.00,0.0,2.02,0.00,0.00,0.00
30-May-2024,8:14:17,39,69,0,0.8,9,16,15,6,6.7,6.7,0.00,603,11,11,0,10,79.3,0.0,1.42,0.00,0.00,0.00,0.0,2.20,0.00,0.00,0.00
30-May-2024,8:14:32,38,69,0,0.8,9,16,15,6,6.7,6.7,0.00,615,11,11,0,10,78.8,0.0,1.44,0.00,0.00,0.00,0.0,2.03,0.00,0.00,0.00
30-May-2024,8:14:47,38,69,0,0.8,9,16,15,6,6.7,6.7,0.00,609,11,11,0,10,77.8,0.0,1.45,0.00,0.00,0.00,0.0,2.19,0.00,0.00,0.00
30-May-2024,8:15:02,37,68,0,0.8,9,16,15,6,6.7,6.7,0.00,608,11,11,0,10,80.4,0.0,1.48,0.00,0.00,0.00,0.0,2.11,0.00,0.00,0.00
30-May-2024,8:15:17,37,68,0,0.8,9,16,15,6,6.7,6.7,0.00,614,11,11,0,10,82.2,0.0,1.48,0.00,0.00,0.00,0.0,2.15,0.00,0.00,0.00
30-May-2024,8:15:32,37,68,0,0.8,9,16,15,6,6.8,6.8,0.00,614,11,11,0,10,80.2,0.0,1.49,0.00,0.00,0.00,0.0,2.15,0.00,0.00,0.00
30-May-2024,8:15:47,38,68,0,0.8,9,16,15,6,6.8,6.8,0.00,611,11,11,0,10,78.2,0.0,1.49,0.00,0.00,0.00,0.0,2.20,0.00,0.00,0.00
30-May-2024,8:16:02,37,68,0,0.8,9,16,15,6,6.7,6.7,0.00,612,11,11,0,10,77.6,0.0,1.51,0.00,0.00,0.00,0.0,2.24,0.00,0.00,0.00
30-May-2024,8:16:17,37,68,0,0.8,9,16,15,6,6.7,6.7,0.00,610,11,11,0,10,80.1,0.0,1.50,0.00,0.00,0.00,0.0,2.13,0.00,0.00,0.00
30-May-2024,8:16:32,37,67,0,0.8,9,16,15,6,6.8,6.8,0.00,616,11,11,0,10,81.9,0.0,1.53,0.00,0.00,0.00,0.0,2.15,0.00,0.00,0.00
30-May-2024,8:16:47,37,67,0,0.8,9,16,15,6,6.8,6.8,0.00,611,11,11,0,10,82.1,0.0,1.53,0.00,0.00,0.00,0.0,2.12,0.00,0.00,0.00
30-May-2024,8:17:02,37,67,0,0.8,9,16,15,6,6.8,6.8,0.00,614,11,11,0,10,79.6,0.0,1.55,0.00,0.00,0.00,0.0,2.11,0.00,0.00,0.00
30-May-2024,8:17:17,36,67,0,0.8,9,16,15,6,6.8,6.8,0.00,614,11,11,0,10,79.5,0.0,1.55,0.00,0.00,0.00,0.0,2.14,0.00,0.00,0.00
30-May-2024,8:17:32,36,67,0,0.9,9,16,15,6,6.8,6.8,0.00,618,11,11,0,10,79.0,0.0,1.56,0.00,0.00,0.00,0.0,2.22,0.00,0.00,0.00
30-May-2024,8:17:47,37,67,0,0.8,9,16,15,6,6.8,6.8,0.00,614,11,11,0,10,82.4,0.0,1.55,0.00,0.00,0.00,0.0,2.17,0.00,0.00,0.00
30-May-2024,8:18:02,37,67,0,0.8,9,16,15,6,6.7,6.7,0.00,613,11,11,0,10,82.2,0.0,1.54,0.00,0.00,0.00,0.0,2.14,0.00,0.00,0.00
30-May-2024,8:18:17,36,67,0,0.9,9,16,15,6,6.8,6.8,0.00,614,11,11,0,10,82.1,0.0,1.59,0.00,0.00,0.00,0.0,2.07,0.00,0.00,0.00
30-May-2024,8:18:32,37,66,0,0.9,9,16,15,6,6.8,6.8,0.00,613,11,11,0,10,80.4,0.0,1.58,0.00,0.00,0.00,0.0,2.14,0.00,0.00,0.00
30-May-2024,8:18:47,37,66,0,0.9,9,16,15,6,6.8,6.8,0.00,612,11,11,0,10,81.7,0.0,1.56,0.00,0.00,0.00,0.0,2.07,0.00,0.00,0.00
30-May-2024,8:19:02,37,66,0,0.9,9,16,15,6,6.9,6.9,0.00,625,11,11,0,10,83.2,0.0,1.56,0.00,0.00,0.00,0.0,2.00,0.00,0.00,0.00
30-May-2024,8:19:17,37,66,0,0.8,9,16,15,6,6.9,6.9,0.00,611,11,11,0,10,78.6,0.0,1.55,0.00,0.00,0.00,0.0,2.03,0.00,0.00,0.00
30-May-2024,8:19:32,36,66,0,0.9,9,16,15,6,6.7,6.7,0.00,603,11,11,0,10,77.5,0.0,1.57,0.00,0.00,0.00,0.0,2.02,0.00,0.00,0.00
30-May-2024,8:19:47,37,66,0,0.9,9,16,15,6,6.7,6.7,0.00,605,11,11,0,10,80.1,0.0,1.56,0.00,0.00,0.00,0.0,1.98,0.00,0.00,0.00
30-May-2024,8:20:02,36,66,0,0.8,9,16,15,6,6.7,6.7,0.00,611,11,11,0,10,80.3,0.0,1.55,0.00,0.00,0.00,0.0,1.95,0.00,0.00,0.00
30-May-2024,8:20:17,38,66,0,0.8,9,16,15,6,6.7,6.7,0.00,607,11,11,0,10,79.5,0.0,1.53,0.00,0.00,0.00,0.0,1.96,0.00,0.00,0.00
30-May-2024,8:20:32,37,65,0,0.8,9,16,15,6,6.7,6.7,0.00,612,11,11,0,10,79.0,0.0,1.51,0.00,0.00,0.00,0.0,1.90,0.00,0.00,0.00
30-May-2024,8:20:47,38,65,0,0.8,9,16,15,6,6.7,6.7,0.00,612,11,11,0,10,79.8,0.0,1.50,0.00,0.00,0.00,0.0,1.90,0.00,0.00,0.00
30-May-2024,8:21:02,37,65,0,0.8,9,16,15,6,6.7,6.7,0.00,612,11,11,0,10,79.9,0.0,1.51,0.00,0.00,0.00,0.0,1.95,0.00,0.00,0.00
30-May-2024,8:21:17,36,65,0,0.8,9,16,15,6,6.8,6.8,0.00,618,11,11,0,10,81.3,0.0,1.50,0.00,0.00,0.00,0.0,1.87,0.00,0.00,0.00
30-May-2024,8:21:32,36,65,0,0.8,9,16,15,6,6.8,6.8,0.00,622,11,11,0,10,80.9,0.0,1.51,0.00,0.00,0.00,0.0,1.86,0.00,0.00,0.00
30-May-2024,8:21:47,37,65,0,0.8,9,16,15,6,6.8,6.8,0.00,618,11,11,0,10,82.4,0.0,1.49,0.00,0.00,0.00,0.0,1.88,0.00,0.00,0.00
30-May-2024,8:22:02,38,65,0,0.8,9,16,15,6,6.8,6.8,0.00,606,11,11,0,10,78.4,0.0,1.46,0.00,0.00,0.00,0.0,1.85,0.00,0.00,0.00
30-May-2024,8:22:17,36,65,0,0.8,9,16,15,6,6.7,6.7,0.00,614,11,11,0,10,79.4,0.0,1.47,0.00,0.00,0.00,0.0,1.86,0.00,0.00,0.00
30-May-2024,8:22:32,36,65,0,0.8,9,16,15,6,6.8,6.8,0.00,613,11,11,0,10,82.2,0.0,1.47,0.00,0.00,0.00,0.0,1.82,0.00,0.00,0.00
30-May-2024,8:22:47,36,64,0,0.8,9,16,15,6,6.8,6.8,0.00,612,11,11,0,10,80.4,0.0,1.47,0.00,0.00,0.00,0.0,1.78,0.00,0.00,0.00
30-May-2024,8:23:02,36,64,0,0.8,9,16,15,6,6.8,6.8,0.00,621,11,11,0,10,78.4,0.0,1.46,0.00,0.00,0.00,0.0,1.78,0.00,0.00,0.00
30-May-2024,8:23:17,37,64,0,0.8,9,15,14,6,6.8,6.8,0.00,591,11,11,0,10,76.3,0.0,1.43,0.00,0.00,0.00,0.0,1.77,0.00,0.00,0.00
30-May-2024,8:23:32,38,64,0,0.8,9,15,14,6,6.4,6.4,0.00,529,11,11,0,10,78.2,0.0,1.42,0.00,0.00,0.00,0.0,1.78,0.00,0.00,0.00
30-May-2024,8:23:47,37,64,0,0.8,9,15,14,6,6.0,6.0,0.00,540,11,11,0,10,79.2,0.0,1.43,0.00,0.00,0.00,0.0,1.76,0.00,0.00,0.00
30-May-2024,8:24:02,38,64,0,0.8,9,15,14,6,5.9,5.9,0.00,548,11,11,0,10,77.1,0.0,1.40,0.00,0.00,0.00,0.0,1.76,0.00,0.00,0.00
30-May-2024,8:24:17,37,64,0,0.8,9,15,14,6,6.0,6.0,0.00,545,11,11,0,10,77.9,0.0,1.41,0.00,0.00,0.00,0.0,1.74,0.00,0.00,0.00
30-May-2024,8:24:32,37,64,0,0.8,9,15,14,6,6.0,6.0,0.00,541,11,11,0,10,76.9,0.0,1.40,0.00,0.00,0.00,0.0,1.73,0.00,0.00,0.00
30-May-2024,8:24:47,37,64,0,0.8,9,15,14,6,6.0,6.0,0.00,544,11,11,0,10,79.7,0.0,1.40,0.00,0.00,0.00,0.0,1.73,0.00,0.00,0.00
30-May-2024,8:25:02,37,64,0,0.8,9,15,14,6,6.0,6.0,0.00,541,11,11,0,10,79.9,0.0,1.38,0.00,0.00,0.00,0.0,1.73,0.00,0.00,0.00
30-May-2024,8:25:17,38,63,0,0.8,9,15,14,6,6.0,6.0,0.00,544,11,11,0,10,78.8,0.0,1.38,0.00,0.00,0.00,0.0,1.72,0.00,0.00,0.00
30-May-2024,8:25:32,37,63,0,0.8,9,15,14,6,6.0,6.0,0.00,538,11,11,0,10,77.4,0.0,1.38,0.00,0.00,0.00,0.0,1.71,0.00,0.00,0.00
30-May-2024,8:25:47,38,63,0,0.8,9,15,14,6,5.9,5.9,0.00,540,11,11,0,10,78.5,0.0,1.37,0.00,0.00,0.00,0.0,1.69,0.00,0.00,0.00
30-May-2024,8:26:02,38,63,0,0.7,9,15,14,6,6.0,6.0,0.00,541,11,11,0,10,78.8,0.0,1.35,0.00,0.00,0.00,0.0,1.69,0.00,0.00,0.00
30-May-2024,8:26:17,37,63,0,0.7,9,15,14,6,5.9,5.9,0.00,538,11,11,0,10,78.9,0.0,1.36,0.00,0.00,0.00,0.0,1.69,0.00,0.00,0.00
30-May-2024,8:26:32,38,63,0,0.7,9,15,14,6,6.0,6.0,0.00,543,11,11,0,10,79.6,0.0,1.35,0.00,0.00,0.00,0.0,1.73,0.00,0.00,0.00
30-May-2024,8:26:47,38,63,0,0.7,9,15,14,6,6.0,6.0,0.00,542,11,11,0,10,81.1,0.0,1.35,0.00,0.00,0.00,0.0,1.76,0.00,0.00,0.00
30-May-2024,8:27:02,38,63,0,0.7,9,15,14,6,6.0,6.0,0.00,541,11,11,0,10,81.7,0.0,1.35,0.00,0.00,0.00,0.0,1.78,0.00,0.00,0.00
30-May-2024,8:27:17,38,63,0,0.7,9,15,14,6,5.9,5.9,0.00,536,11,11,0,10,78.9,0.0,1.35,0.00,0.00,0.00,0.0,1.76,0.00,0.00,0.00
30-May-2024,8:27:32,38,63,0,0.7,9,15,14,6,5.9,5.9,0.00,539,11,11,0,10,77.5,0.0,1.35,0.00,0.00,0.00,0.0,1.76,0.00,0.00,0.00
30-May-2024,8:27:47,37,62,0,0.7,9,15,14,6,5.9,5.9,0.00,540,11,11,0,10,78.6,0.0,1.34,0.00,0.00,0.00,0.0,1.74,0.00,0.00,0.00
30-May-2024,8:28:02,38,62,0,0.7,9,15,14,6,6.0,6.0,0.00,540,11,11,0,10,78.6,0.0,1.35,0.00,0.00,0.00,0.0,1.76,0.00,0.00,0.00
30-May-2024,8:28:17,37,62,0,0.7,9,15,14,6,6.0,6.0,0.00,540,11,11,0,10,74.9,0.0,1.33,0.00,0.00,0.00,0.0,1.75,0.00,0.00,0.00
30-May-2024,8:28:32,38,62,0,0.7,9,15,14,6,6.0,6.0,0.00,538,11,11,0,10,76.0,0.0,1.34,0.00,0.00,0.00,0.0,1.76,0.00,0.00,0.00
30-May-2024,8:28:47,38,62,0,0.7,9,15,14,6,6.0,6.0,0.00,539,11,11,0,10,74.3,0.0,1.34,0.00,0.00,0.00,0.0,1.76,0.00,0.00,0.00
30-May-2024,8:29:02,39,62,0,0.7,9,15,14,6,5.9,5.9,0.00,536,11,11,0,10,74.7,0.0,1.34,0.00,0.00,0.00,0.0,1.77,0.00,0.00,0.00
30-May-2024,8:29:17,38,62,0,0.7,9,15,14,6,5.9,5.9,0.00,539,11,11,0,10,76.0,0.0,1.34,0.00,0.00,0.00,0.0,1.77,0.00,0.00,0.00
30-May-2024,8:29:32,38,62,0,0.7,9,15,14,6,5.9,5.9,0.00,539,11,11,0,10,75.7,0.0,1.34,0.00,0.00,0.00,0.0,1.76,0.00,0.00,0.00
30-May-2024,8:29:47,39,62,0,0.7,9,15,14,6,6.0,6.0,0.00,542,11,11,0,10,78.2,0.0,1.34,0.00,0.00,0.00,0.0,1.74,0.00,0.00,0.00
30-May-2024,8:30:02,40,62,0,0.7,9,15,14,6,6.0,6.0,0.00,541,11,11,0,10,78.9,0.0,1.33,0.00,0.00,0.00,0.0,1.76,0.00,0.00,0.00
30-May-2024,8:30:17,39,61,0,0.7,9,15,14,6,6.0,6.0,0.00,538,11,11,0,10,78.7,0.0,1.33,0.00,0.00,0.00,0.0,1.76,0.00,0.00,0.00
30-May-2024,8:30:32,40,61,0,0.7,9,15,14,6,5.9,5.9,0.00,530,11,11,0,10,79.2,0.0,1.34,0.00,0.00,0.00,0.0,1.75,0.00,0.00,0.00
30-May-2024,8:30:47,40,61,0,0.7,9,15,14,6,5.9,5.9,0.00,528,11,11,0,10,74.4,0.0,1.32,0.00,0.00,0.00,0.0,1.76,0.00,0.00,0.00
30-May-2024,8:31:02,40,61,0,0.7,9,15,14,6,5.8,5.8,0.00,534,11,11,0,10,71.9,0.0,1.31,0.00,0.00,0.00,0.0,1.78,0.00,0.00,0.00
30-May-2024,8:31:17,40,61,0,0.7,9,15,14,6,5.9,5.9,0.00,535,11,11,0,10,73.7,0.0,1.31,0.00,0.00,0.00,0.0,1.76,0.00,0.00,0.00
30-May-2024,8:31:32,40,61,0,0.7,9,15,14,6,5.9,5.9,0.00,536,11,11,0,10,74.2,0.0,1.32,0.00,0.00,0.00,0.0,1.75,0.00,0.00,0.00
30-May-2024,8:31:47,40,61,0,0.7,9,15,14,6,5.9,5.9,0.00,536,11,11,0,10,74.2,0.0,1.32,0.00,0.00,0.00,0.0,1.76,0.00,0.00,0.00
30-May-2024,8:32:02,41,61,0,0.7,9,15,14,6,5.9,5.9,0.00,532,11,11,0,10,74.8,0.0,1.31,0.00,0.00,0.00,0.0,1.77,0.00,0.00,0.00
30-May-2024,8:32:17,40,61,0,0.7,9,15,14,6,5.9,5.9,0.00,532,11,11,0,10,73.4,0.0,1.30,0.00,0.00,0.00,0.0,1.76,0.00,0.00,0.00
30-May-2024,8:32:32,39,61,0,0.7,9,15,14,6,5.9,5.9,0.00,531,11,11,0,10,74.0,0.0,1.32,0.00,0.00,0.00,0.0,1.76,0.00,0.00,0.00
30-May-2024,8:32:47,40,61,0,0.7,9,15,14,6,5.9,5.9,0.00,545,11,11,0,10,74.6,0.0,1.31,0.00,0.00,0.00,0.0,1.75,0.00,0.00,0.00
30-May-2024,8:33:02,41,61,0,0.7,9,15,14,6,6.0,6.0,0.00,543,11,11,0,10,73.4,0.0,1.31,0.00,0.00,0.00,0.0,1.73,0.00,0.00,0.00
30-May-2024,8:33:17,40,60,0,0.7,9,15,14,6,6.0,6.0,0.00,539,11,11,0,10,76.8,0.0,1.31,0.00,0.00,0.00,0.0,1.75,0.00,0.00,0.00
30-May-2024,8:33:32,39,60,0,0.7,9,15,14,6,5.9,5.9,0.00,538,11,11,0,10,76.7,0.0,1.30,0.00,0.00,0.00,0.0,1.74,0.00,0.00,0.00
30-May-2024,8:33:47,39,60,0,0.7,9,15,14,6,5.9,5.9,0.00,539,11,11,0,10,76.8,0.0,1.32,0.00,0.00,0.00,0.0,1.63,0.00,0.00,0.00
30-May-2024,8:34:02,40,60,0,0.7,9,15,14,6,5.9,5.9,0.00,538,11,11,0,10,78.0,0.0,1.29,0.00,0.00,0.00,0.0,1.61,0.00,0.00,0.00
30-May-2024,8:34:17,41,60,0,0.7,9,15,14,6,5.9,5.9,0.00,540,11,11,0,10,79.5,0.0,1.27,0.00,0.00,0.00,0.0,1.48,0.00,0.00,0.00
30-May-2024,8:34:32,40,60,0,0.7,9,15,14,6,5.9,5.9,0.00,536,11,11,0,10,79.3,0.0,1.27,0.00,0.00,0.00,0.0,1.39,0.00,0.00,0.00
30-May-2024,8:34:47,40,60,0,0.7,9,15,14,6,5.9,5.9,0.00,530,11,11,0,10,76.4,0.0,1.25,0.00,0.00,0.00,0.0,1.32,0.00,0.00,0.00
30-May-2024,8:35:02,40,60,0,0.7,9,15,14,6,5.9,5.9,0.00,531,11,11,0,10,77.3,0.0,1.23,0.00,0.00,0.00,0.0,1.27,0.00,0.00,0.00
30-May-2024,8:35:17,41,60,0,0.7,9,15,14,6,5.9,5.9,0.00,540,11,11,0,10,76.7,0.0,1.20,0.00,0.00,0.00,0.0,1.23,0.00,0.00,0.00
30-May-2024,8:35:32,41,60,0,0.6,9,15,14,6,6.0,6.0,0.00,542,11,11,0,10,76.0,0.0,1.18,0.00,0.00,0.00,0.0,1.33,0.00,0.00,0.00
30-May-2024,8:35:47,40,60,0,0.7,9,15,14,6,5.9,5.9,0.00,534,11,11,0,10,76.5,0.0,1.20,0.00,0.00,0.00,0.0,1.32,0.00,0.00,0.00
30-May-2024,8:36:02,41,60,0,0.6,9,15,14,6,5.9,5.9,0.00,538,11,11,0,10,76.2,0.0,1.17,0.00,0.00,0.00,0.0,1.22,0.00,0.00,0.00
30-May-2024,8:36:17,40,60,0,0.6,9,15,14,6,5.9,5.9,0.00,533,11,11,0,10,74.0,0.0,1.14,0.00,0.00,0.00,0.0,1.20,0.00,0.00,0.00
30-May-2024,8:36:32,40,60,0,0.6,9,15,14,6,5.9,5.9,0.00,532,11,11,0,10,73.7,0.0,1.12,0.00,0.00,0.00,0.0,1.16,0.00,0.00,0.00
30-May-2024,8:36:47,40,59,0,0.6,9,15,14,6,5.9,5.9,0.00,544,11,11,0,10,74.7,0.0,1.11,0.00,0.00,0.00,0.0,1.19,0.00,0.00,0.00
30-May-2024,8:37:02,41,59,0,0.6,9,15,14,6,6.0,6.0,0.00,538,11,11,0,10,74.7,0.0,1.11,0.00,0.00,0.00,0.0,1.15,0.00,0.00,0.00
30-May-2024,8:37:17,41,62,0,0.6,9,15,14,6,5.9,5.9,0.00,535,11,11,0,10,76.2,0.0,1.06,0.00,0.00,0.00,0.0,0.94,0.00,0.00,0.00
30-May-2024,8:37:32,40,63,0,0.6,9,15,14,6,5.9,5.9,0.00,536,11,11,0,10,78.8,0.0,1.05,0.00,0.00,0.00,0.0,0.90,0.00,0.00,0.00
30-May-2024,8:37:47,40,65,0,0.6,9,15,14,6,5.9,5.9,0.00,529,11,11,0,10,78.8,0.0,1.02,0.00,0.00,0.00,0.0,0.87,0.00,0.00,0.00
30-May-2024,8:38:02,41,67,0,0.5,9,15,14,6,5.9,5.9,0.00,536,11,11,0,10,74.6,0.0,0.99,0.00,0.00,0.00,0.0,0.84,0.00,0.00,0.00
30-May-2024,8:38:17,40,68,0,0.5,9,15,14,6,5.9,5.9,0.00,530,11,11,0,10,74.1,0.0,0.99,0.00,0.00,0.00,0.0,0.81,0.00,0.00,0.00
30-May-2024,8:38:32,40,85,0,0.5,9,15,14,6,5.9,5.9,0.00,537,11,11,0,10,76.6,0.0,0.98,0.00,0.00,0.00,0.0,0.33,0.00,0.00,0.00
30-May-2024,8:38:47,40,89,0,0.4,9,15,14,6,5.9,5.9,0.00,533,11,11,0,10,74.9,0.0,0.80,0.00,0.00,0.00,0.0,0.22,0.00,0.00,0.00
30-May-2024,8:39:02,40,89,0,0.4,9,15,14,6,5.9,5.9,0.00,526,11,11,0,10,73.9,0.0,0.71,0.00,0.00,0.00,0.0,0.23,0.00,0.00,0.00
30-May-2024,8:39:17,40,89,0,0.4,9,15,14,6,5.8,5.8,0.00,531,11,11,0,10,74.5,0.0,0.66,0.00,0.00,0.00,0.0,0.22,0.00,0.00,0.00
30-May-2024,8:39:32,40,90,0,0.3,9,15,14,6,5.9,5.9,0.00,546,11,11,0,10,78.0,0.0,0.62,0.00,0.00,0.00,0.0,0.25,0.00,0.00,0.00
30-May-2024,8:39:47,40,91,0,0.3,9,15,14,6,6.0,6.0,0.00,532,11,11,0,10,82.1,0.0,0.60,0.00,0.00,0.00,0.0,0.16,0.00,0.00,0.00
30-May-2024,8:40:02,41,91,0,0.3,9,15,14,6,5.9,5.9,0.00,523,11,11,0,10,82.6,0.0,0.59,0.00,0.00,0.00,0.0,0.16,0.00,0.00,0.00
30-May-2024,8:40:17,41,91,0,0.3,9,15,14,6,5.9,5.9,0.00,565,11,11,0,10,77.5,0.0,0.54,0.00,0.00,0.00,0.0,0.19,0.00,0.00,0.00
30-May-2024,8:40:32,40,92,0,0.3,9,15,14,6,6.1,6.1,0.00,587,11,11,0,10,80.9,0.0,0.53,0.00,0.00,0.00,0.0,0.16,0.00,0.00,0.00
30-May-2024,8:40:47,42,92,0,0.3,9,15,14,6,6.6,6.6,0.00,659,11,11,0,10,83.0,0.0,0.54,0.00,0.00,0.00,0.0,0.15,0.00,0.00,0.00
30-May-2024,8:41:02,40,93,0,0.3,9,15,14,6,7.2,7.2,0.00,631,11,11,0,9,74.5,0.0,0.51,0.00,0.00,0.00,0.0,0.13,0.00,0.00,0.00
30-May-2024,8:41:17,38,94,0,0.2,9,15,14,6,7.5,7.5,0.00,649,11,11,0,10,87.3,0.0,0.41,0.00,0.00,0.00,0.0,0.00,0.00,0.00,0.00
30-May-2024,8:41:32,46,94,0,0.2,9,15,14,6,7.5,7.5,0.00,179,14,11,5,11,93.5,0.0,0.44,0.00,0.00,0.00,0.0,0.00,0.00,0.00,0.00
30-May-2024,8:41:47,44,94,0,0.2,9,15,14,10,3.7,3.7,0.00,352,16,11,3,24,55.1,0.0,0.36,0.00,0.00,0.00,0.0,0.00,0.00,0.00,0.00
30-May-2024,8:42:02,15,92,0,0.2,9,15,14,5,3.8,2.9,0.83,330,14,11,4,44,41.3,0.0,0.34,0.00,0.00,0.00,0.0,0.19,0.00,0.00,0.00
30-May-2024,8:42:17,43,93,0,0.2,9,23,22,5,7.0,5.5,1.5,1267,17,11,6,49,36.5,0.0,0.30,0.00,0.00,0.00,0.0,0.21,0.00,0.00,0.00
30-May-2024,8:42:32,39,93,0,0.1,9,22,14,6,9.3,8.0,1.3,895,19,12,4,40,30.7,0.0,0.24,0.00,0.00,0.00,0.0,0.16,0.00,0.00,0.00
30-May-2024,8:42:47,39,93,0,0.1,9,25,,6,7.9,7.3,0.62,1059,25,12,6,36,28.7,0.0,0.23,0.00,0.00,0.00,0.0,0.13,0.00,0.00,0.00
30-May-2024,8:43:02,36,93,0,0.1,9,14,,6,9.1,5.5,3.6,413,23,7,9,21,28.5,0.0,0.21,0.00,0.00,0.00,0.0,0.00,0.00,0.00,0.00
30-May-2024,8:43:17,36,94,0,0.1,7,16,,6,9.2,1.2,8.0,294,17,1,15,6,43.9,0.0,0.21,0.00,0.00,0.00,0.0,0.00,0.00,0.00,0.00
30-May-2024,8:43:32,46,90,0,0.1,7,13,,5,8.2,0.00,8.3,253,14,0,13,2,56.6,0.0,0.27,0.00,0.00,0.00,0.0,0.04,0.00,0.00,0.00
30-May-2024,8:43:47,,,,,,,,,,,,,,,,,,,,,,,,,,,
30-May-2024,8:44:02,,,,,,,,,,,,,,,,,,,,,,,,,,,
30-May-2024,8:44:17,,,,,,,,,,,,,,,,,,,,,,,,,,,
30-May-2024,8:44:32,,,,,,,,,,,,,,,,,,,,,,,,,,,
